Address:,USB0::0x0957::0x17BC::MY60101365::0::INSTR,,Analog Channels,,,
Model:,MSO-X 4154A,,Time (s),1 (VOLT),4 (VOLT),
Serial Number:,MY60101365,,-2.109375E-08,0.000104602513602003,0.00031380754080601,
Firmware Version:,07.31.2020012900,,-2.1015625E-08,3.1380754080601E-05,0.000188284524483606,
Start Time:,2022-09-21 09:45:35.441,,-2.09375E-08,-6.27615081612021E-05,9.41422622418031E-05,
Capture#:,665,,-2.0859375E-08,-0.000167364021763206,-1.04602513602003E-05,
,,,-2.078125E-08,-0.000230125529924408,-9.41422622418031E-05,
,,,-2.0703125E-08,-0.000188284524483606,-0.000146443519042805,
,,,-2.0625E-08,3.1380754080601E-05,-9.41422622418031E-05,
,,,-2.0546875E-08,0.000219665278564207,1.04602513602003E-05,
,,,-2.046875E-08,0.000282426786725409,0.000125523016322404,
,,,-2.0390625E-08,0.000156903770403005,0.000219665278564207,
,,,-2.03125E-08,-0.000146443519042805,0.000240585781284608,
,,,-2.0234375E-08,-0.000334728043526411,0.000146443519042805,
,,,-2.015625E-08,-0.00029288703808561,-2.09205027204007E-05,
,,,-2.0078125E-08,-6.27615081612021E-05,-0.000188284524483606,
,,,-2E-08,0.000230125529924408,-0.00030334728944581,
,,,-1.9921875E-08,0.00031380754080601,-0.000271966535365209,
,,,-1.984375E-08,0.000167364021763206,-0.000104602513602003,
,,,-1.9765625E-08,-5.23012568010017E-05,8.36820108816028E-05,
,,,-1.96875E-08,-0.000219665278564207,0.000230125529924408,
,,,-1.9609375E-08,-0.000219665278564207,0.000324267792166211,
,,,-1.953125E-08,-6.27615081612021E-05,0.000376569048967212,
,,,-1.9453125E-08,9.41422622418031E-05,0.000470711311209016,
,,,-1.9375E-08,0.000198744775843807,0.000554393322090618,
,,,-1.9296875E-08,0.000251046032644808,0.000575313824811019,
,,,-1.921875E-08,0.00031380754080601,0.000460251059848815,
,,,-1.9140625E-08,0.000439330557128415,0.000198744775843807,
,,,-1.90625E-08,0.000564853573450819,-1.04602513602003E-05,
,,,-1.8984375E-08,0.000648535584332421,-0.000115062764962204,
,,,-1.890625E-08,0.00061715483025182,-7.32217595214024E-05,
,,,-1.8828125E-08,0.000397489551687613,9.41422622418031E-05,
,,,-1.875E-08,0.000167364021763206,0.000156903770403005,
,,,-1.8671875E-08,1.04602513602003E-05,9.41422622418031E-05,
,,,-1.859375E-08,1.04602513602003E-05,-4.18410054408014E-05,
,,,-1.8515625E-08,0.000240585781284608,-0.000177824273123406,
,,,-1.84375E-08,0.000543933070730418,-0.000156903770403005,
,,,-1.8359375E-08,0.000742677846574225,-8.36820108816028E-05,
,,,-1.828125E-08,0.000732217595214024,-4.18410054408014E-05,
,,,-1.8203125E-08,0.000460251059848815,-9.41422622418031E-05,
,,,-1.8125E-08,3.1380754080601E-05,-0.000230125529924408,
,,,-1.8046875E-08,-0.000230125529924408,-0.000251046032644808,
,,,-1.796875E-08,-0.000230125529924408,-0.000146443519042805,
,,,-1.7890625E-08,3.1380754080601E-05,5.23012568010017E-05,
,,,-1.78125E-08,0.000460251059848815,0.000230125529924408,
,,,-1.7734375E-08,0.000721757343853824,0.000156903770403005,
,,,-1.765625E-08,0.000721757343853824,-9.41422622418031E-05,
,,,-1.7578125E-08,0.000523012568010017,-0.000376569048967212,
,,,-1.75E-08,0.000209205027204007,-0.000585774076171219,
,,,-1.7421875E-08,7.32217595214024E-05,-0.000564853573450819,
,,,-1.734375E-08,0.000146443519042805,-0.000366108797607012,
,,,-1.7265625E-08,0.00029288703808561,-0.000146443519042805,
,,,-1.71875E-08,0.000418410054408014,5.23012568010017E-05,
,,,-1.7109375E-08,0.000418410054408014,0.000156903770403005,
,,,-1.703125E-08,0.000271966535365209,0.000156903770403005,
,,,-1.6953125E-08,0.000156903770403005,0.000104602513602003,
,,,-1.6875E-08,0.000104602513602003,3.1380754080601E-05,
,,,-1.6796875E-08,0.000104602513602003,-3.1380754080601E-05,
,,,-1.671875E-08,0.000146443519042805,-4.18410054408014E-05,
,,,-1.6640625E-08,0.000177824273123406,0,
,,,-1.65625E-08,0.000219665278564207,4.18410054408014E-05,
,,,-1.6484375E-08,0.000271966535365209,3.1380754080601E-05,
,,,-1.640625E-08,0.00030334728944581,-5.23012568010017E-05,
,,,-1.6328125E-08,0.000251046032644808,-0.000198744775843807,
,,,-1.625E-08,9.41422622418031E-05,-0.000282426786725409,
,,,-1.6171875E-08,-9.41422622418031E-05,-0.000240585781284608,
,,,-1.609375E-08,-0.000230125529924408,-9.41422622418031E-05,
,,,-1.6015625E-08,-0.000167364021763206,0.000115062764962204,
,,,-1.59375E-08,7.32217595214024E-05,0.000219665278564207,
,,,-1.5859375E-08,0.000324267792166211,0.000209205027204007,
,,,-1.578125E-08,0.000460251059848815,0.000125523016322404,
,,,-1.5703125E-08,0.000387029300327413,2.09205027204007E-05,
,,,-1.5625E-08,8.36820108816028E-05,-1.04602513602003E-05,
,,,-1.5546875E-08,-0.000188284524483606,1.04602513602003E-05,
,,,-1.546875E-08,-0.000271966535365209,1.04602513602003E-05,
,,,-1.5390625E-08,-0.000115062764962204,-6.27615081612021E-05,
,,,-1.53125E-08,0.000271966535365209,-0.000230125529924408,
,,,-1.5234375E-08,0.000575313824811019,-0.000449790808488615,
,,,-1.515625E-08,0.000575313824811019,-0.000585774076171219,
,,,-1.5078125E-08,0.000271966535365209,-0.00059623432753142,
,,,-1.5E-08,-0.000251046032644808,-0.000481171562569216,
,,,-1.4921875E-08,-0.000638075332972221,-0.000271966535365209,
,,,-1.484375E-08,-0.000554393322090618,-0.000104602513602003,
,,,-1.4765625E-08,-0.000115062764962204,0,
,,,-1.46875E-08,0.000523012568010017,4.18410054408014E-05,
,,,-1.4609375E-08,0.00106694563874044,1.04602513602003E-05,
,,,-1.453125E-08,0.00106694563874044,-5.23012568010017E-05,
,,,-1.4453125E-08,0.000711297092493624,-0.000156903770403005,
,,,-1.4375E-08,0.000198744775843807,-0.000261506284005009,
,,,-1.4296875E-08,-0.000261506284005009,-0.000334728043526411,
,,,-1.421875E-08,-0.000387029300327413,-0.000324267792166211,
,,,-1.4140625E-08,-0.000209205027204007,-0.000167364021763206,
,,,-1.40625E-08,0.000104602513602003,2.09205027204007E-05,
,,,-1.3984375E-08,0.000460251059848815,0.000135983267682604,
,,,-1.390625E-08,0.000721757343853824,0.000115062764962204,
,,,-1.3828125E-08,0.000784518852015026,-0.000125523016322404,
,,,-1.375E-08,0.000721757343853824,-0.000376569048967212,
,,,-1.3671875E-08,0.00059623432753142,-0.000502092065289617,
,,,-1.359375E-08,0.000491631813929416,-0.000428870305768214,
,,,-1.3515625E-08,0.000491631813929416,-0.000135983267682604,
,,,-1.34375E-08,0.000512552316649817,0.000188284524483606,
,,,-1.3359375E-08,0.000449790808488615,0.000355648546246812,
,,,-1.328125E-08,0.000251046032644808,0.000345188294886611,
,,,-1.3203125E-08,-7.32217595214024E-05,0.000146443519042805,
,,,-1.3125E-08,-0.000334728043526411,-0.000115062764962204,
,,,-1.3046875E-08,-0.00031380754080601,-0.000282426786725409,
,,,-1.296875E-08,-5.23012568010017E-05,-0.000345188294886611,
,,,-1.2890625E-08,0.000345188294886611,-0.00030334728944581,
,,,-1.28125E-08,0.000690376589773223,-0.000198744775843807,
,,,-1.2734375E-08,0.000721757343853824,-4.18410054408014E-05,
,,,-1.265625E-08,0.000585774076171219,0.000104602513602003,
,,,-1.2578125E-08,0.000355648546246812,0.000198744775843807,
,,,-1.25E-08,0.000167364021763206,0.000230125529924408,
,,,-1.2421875E-08,6.27615081612021E-05,0.000125523016322404,
,,,-1.234375E-08,3.1380754080601E-05,-5.23012568010017E-05,
,,,-1.2265625E-08,4.18410054408014E-05,-0.000198744775843807,
,,,-1.21875E-08,0.000104602513602003,-0.000282426786725409,
,,,-1.2109375E-08,0.000240585781284608,-0.000251046032644808,
,,,-1.203125E-08,0.000397489551687613,-0.000115062764962204,
,,,-1.1953125E-08,0.000439330557128415,4.18410054408014E-05,
,,,-1.1875E-08,0.000345188294886611,0.000156903770403005,
,,,-1.1796875E-08,0.000135983267682604,0.000230125529924408,
,,,-1.171875E-08,-7.32217595214024E-05,0.000219665278564207,
,,,-1.1640625E-08,-0.000125523016322404,0.000115062764962204,
,,,-1.15625E-08,-6.27615081612021E-05,1.04602513602003E-05,
,,,-1.1484375E-08,8.36820108816028E-05,-7.32217595214024E-05,
,,,-1.140625E-08,0.000251046032644808,-9.41422622418031E-05,
,,,-1.1328125E-08,0.000397489551687613,-5.23012568010017E-05,
,,,-1.125E-08,0.000512552316649817,-7.32217595214024E-05,
,,,-1.1171875E-08,0.000575313824811019,-0.000209205027204007,
,,,-1.109375E-08,0.000523012568010017,-0.000449790808488615,
,,,-1.1015625E-08,0.000261506284005009,-0.000753138097934425,
,,,-1.09375E-08,-0.000146443519042805,-0.000889121365617029,
,,,-1.0859375E-08,-0.000449790808488615,-0.000847280360176228,
,,,-1.078125E-08,-0.000512552316649817,-0.000638075332972221,
,,,-1.0703125E-08,-0.000240585781284608,-0.00030334728944581,
,,,-1.0625E-08,0.00029288703808561,1.04602513602003E-05,
,,,-1.0546875E-08,0.000679916338413022,0.000167364021763206,
,,,-1.046875E-08,0.000794979103375226,0.000167364021763206,
,,,-1.0390625E-08,0.00060669457889162,3.1380754080601E-05,
,,,-1.03125E-08,0.000219665278564207,-0.000177824273123406,
,,,-1.0234375E-08,-6.27615081612021E-05,-0.000261506284005009,
,,,-1.015625E-08,-0.000156903770403005,-0.000188284524483606,
,,,-1.0078125E-08,-7.32217595214024E-05,-4.18410054408014E-05,
,,,-1E-08,0.000125523016322404,0.000104602513602003,
,,,-9.921875E-09,0.000345188294886611,6.27615081612021E-05,
,,,-9.84375E-09,0.000491631813929416,-0.000198744775843807,
,,,-9.765625E-09,0.000543933070730418,-0.000481171562569216,
,,,-9.6875E-09,0.000470711311209016,-0.000679916338413022,
,,,-9.609375E-09,0.000251046032644808,-0.000679916338413022,
,,,-9.53125E-09,2.09205027204007E-05,-0.000397489551687613,
,,,-9.453125E-09,-8.36820108816028E-05,-6.27615081612021E-05,
,,,-9.375E-09,-1.04602513602003E-05,0.000230125529924408,
,,,-9.296875E-09,0.000240585781284608,0.000407949803047813,
,,,-9.21875E-09,0.000554393322090618,0.000387029300327413,
,,,-9.140625E-09,0.000648535584332421,0.000125523016322404,
,,,-9.0625E-09,0.000543933070730418,-0.000188284524483606,
,,,-8.984375E-09,0.000282426786725409,-0.000460251059848815,
,,,-8.90625E-09,-3.1380754080601E-05,-0.000575313824811019,
,,,-8.828125E-09,-0.000167364021763206,-0.000324267792166211,
,,,-8.75E-09,-0.000125523016322404,9.41422622418031E-05,
,,,-8.671875E-09,1.04602513602003E-05,0.000428870305768214,
,,,-8.59375E-09,0.000188284524483606,0.000523012568010017,
,,,-8.515625E-09,0.000282426786725409,0.000230125529924408,
,,,-8.4375E-09,0.00030334728944581,-0.00029288703808561,
,,,-8.359375E-09,0.00030334728944581,-0.000648535584332421,
,,,-8.28125E-09,0.00031380754080601,-0.000711297092493624,
,,,-8.203125E-09,0.000355648546246812,-0.000481171562569216,
,,,-8.125E-09,0.000397489551687613,-0.000104602513602003,
,,,-8.046875E-09,0.000439330557128415,6.27615081612021E-05,
,,,-7.96875E-09,0.000460251059848815,3.1380754080601E-05,
,,,-7.890625E-09,0.000439330557128415,-0.000125523016322404,
,,,-7.8125E-09,0.000387029300327413,-0.000261506284005009,
,,,-7.734375E-09,0.000219665278564207,-0.000198744775843807,
,,,-7.65625E-09,-4.18410054408014E-05,-4.18410054408014E-05,
,,,-7.578125E-09,-0.000345188294886611,0.000104602513602003,
,,,-7.5E-09,-0.00060669457889162,0.000219665278564207,
,,,-7.421875E-09,-0.00060669457889162,0.000261506284005009,
,,,-7.34375E-09,-0.000324267792166211,0.000271966535365209,
,,,-7.265625E-09,7.32217595214024E-05,0.000251046032644808,
,,,-7.1875E-09,0.000470711311209016,0.000177824273123406,
,,,-7.109375E-09,0.000690376589773223,6.27615081612021E-05,
,,,-7.03125E-09,0.00060669457889162,-5.23012568010017E-05,
,,,-6.953125E-09,0.000407949803047813,-0.000115062764962204,
,,,-6.875E-09,0.000209205027204007,-0.000115062764962204,
,,,-6.796875E-09,7.32217595214024E-05,-7.32217595214024E-05,
,,,-6.71875E-09,9.41422622418031E-05,-7.32217595214024E-05,
,,,-6.640625E-09,0.000198744775843807,-0.000115062764962204,
,,,-6.5625E-09,0.000282426786725409,-0.000115062764962204,
,,,-6.484375E-09,0.00029288703808561,-3.1380754080601E-05,
,,,-6.40625E-09,0.000219665278564207,0.000135983267682604,
,,,-6.328125E-09,0.000104602513602003,0.000345188294886611,
,,,-6.25E-09,9.41422622418031E-05,0.000470711311209016,
,,,-6.171875E-09,0.000156903770403005,0.000470711311209016,
,,,-6.09375E-09,0.000240585781284608,0.000345188294886611,
,,,-6.015625E-09,0.000219665278564207,0.000156903770403005,
,,,-5.9375E-09,2.09205027204007E-05,2.09205027204007E-05,
,,,-5.859375E-09,-0.000156903770403005,-1.04602513602003E-05,
,,,-5.78125E-09,-0.000188284524483606,5.23012568010017E-05,
,,,-5.703125E-09,3.1380754080601E-05,0.000188284524483606,
,,,-5.625E-09,0.000491631813929416,0.00029288703808561,
,,,-5.546875E-09,0.000794979103375226,0.00030334728944581,
,,,-5.46875E-09,0.000836820108816028,0.000240585781284608,
,,,-5.390625E-09,0.00060669457889162,0.000156903770403005,
,,,-5.3125E-09,0.000188284524483606,9.41422622418031E-05,
,,,-5.234375E-09,-7.32217595214024E-05,0.000135983267682604,
,,,-5.15625E-09,-0.000125523016322404,0.000251046032644808,
,,,-5.078125E-09,-3.1380754080601E-05,0.000387029300327413,
,,,-5E-09,0.000115062764962204,0.000502092065289617,
,,,-4.921875E-09,0.000198744775843807,0.000512552316649817,
,,,-4.84375E-09,0.000219665278564207,0.000397489551687613,
,,,-4.765625E-09,0.000219665278564207,0.000177824273123406,
,,,-4.6875E-09,0.000240585781284608,-0.000104602513602003,
,,,-4.609375E-09,0.000261506284005009,-0.000376569048967212,
,,,-4.53125E-09,0.000261506284005009,-0.000470711311209016,
,,,-4.453125E-09,0.000219665278564207,-0.000387029300327413,
,,,-4.375E-09,0.000177824273123406,-0.000188284524483606,
,,,-4.296875E-09,0.000146443519042805,7.32217595214024E-05,
,,,-4.21875E-09,0.000146443519042805,0.000271966535365209,
,,,-4.140625E-09,0.000104602513602003,0.00030334728944581,
,,,-4.0625E-09,3.1380754080601E-05,0.000251046032644808,
,,,-3.984375E-09,-3.1380754080601E-05,0.000177824273123406,
,,,-3.90625E-09,-5.23012568010017E-05,0.000125523016322404,
,,,-3.828125E-09,2.09205027204007E-05,0.000125523016322404,
,,,-3.75E-09,8.36820108816028E-05,0.000104602513602003,
,,,-3.671875E-09,0.000104602513602003,7.32217595214024E-05,
,,,-3.59375E-09,6.27615081612021E-05,1.04602513602003E-05,
,,,-3.515625E-09,1.04602513602003E-05,-4.18410054408014E-05,
,,,-3.4375E-09,7.32217595214024E-05,-4.18410054408014E-05,
,,,-3.359375E-09,0.000198744775843807,2.09205027204007E-05,
,,,-3.28125E-09,0.00031380754080601,0.000104602513602003,
,,,-3.203125E-09,0.000334728043526411,0.000188284524483606,
,,,-3.125E-09,0.000230125529924408,0.000209205027204007,
,,,-3.046875E-09,0.000177824273123406,0.000156903770403005,
,,,-2.96875E-09,0.000230125529924408,8.36820108816028E-05,
,,,-2.890625E-09,0.000366108797607012,2.09205027204007E-05,
,,,-2.8125E-09,0.000491631813929416,2.09205027204007E-05,
,,,-2.734375E-09,0.000418410054408014,0.000167364021763206,
,,,-2.65625E-09,0.000261506284005009,0.000355648546246812,
,,,-2.578125E-09,9.41422622418031E-05,0.000502092065289617,
,,,-2.5E-09,2.09205027204007E-05,0.000585774076171219,
,,,-2.421875E-09,4.18410054408014E-05,0.000512552316649817,
,,,-2.34375E-09,2.09205027204007E-05,0.000345188294886611,
,,,-2.265625E-09,-4.18410054408014E-05,0.000146443519042805,
,,,-2.1875E-09,-0.000115062764962204,-5.23012568010017E-05,
,,,-2.109375E-09,-0.000104602513602003,-0.000209205027204007,
,,,-2.03125E-09,8.36820108816028E-05,-0.000209205027204007,
,,,-1.953125E-09,0.000261506284005009,-5.23012568010017E-05,
,,,-1.875E-09,0.000334728043526411,0.000177824273123406,
,,,-1.796875E-09,0.000271966535365209,0.000387029300327413,
,,,-1.71875E-09,9.41422622418031E-05,0.000387029300327413,
,,,-1.640625E-09,7.32217595214024E-05,5.23012568010017E-05,
,,,-1.5625E-09,0.000188284524483606,-0.000366108797607012,
,,,-1.484375E-09,0.000387029300327413,-0.000690376589773223,
,,,-1.40625E-09,0.000564853573450819,-0.000732217595214024,
,,,-1.328125E-09,0.000512552316649817,-0.00029288703808561,
,,,-1.25E-09,0.000355648546246812,0.000271966535365209,
,,,-1.171875E-09,0.000188284524483606,0.000679916338413022,
,,,-1.09375E-09,9.41422622418031E-05,0.000826359857455827,
,,,-1.015625E-09,9.41422622418031E-05,0.00059623432753142,
,,,-9.37500000000001E-10,9.41422622418031E-05,0.000188284524483606,
,,,-8.59374999999998E-10,6.27615081612021E-05,-0.000104602513602003,
,,,-7.81249999999999E-10,4.18410054408014E-05,-0.000219665278564207,
,,,-7.03125E-10,8.36820108816028E-05,-0.000115062764962204,
,,,-6.25000000000001E-10,0.000261506284005009,0.000156903770403005,
,,,-5.46874999999998E-10,0.000470711311209016,0.000397489551687613,
,,,-4.68749999999999E-10,0.00060669457889162,0.000481171562569216,
,,,-3.90625E-10,0.000648535584332421,0.000387029300327413,
,,,-3.125E-10,0.000564853573450819,0.000104602513602003,
,,,-2.34375000000001E-10,0.000502092065289617,-0.000240585781284608,
,,,-1.56249999999999E-10,0.000543933070730418,-0.000418410054408014,
,,,-7.81249999999993E-11,0.000690376589773223,-0.000376569048967212,
,,,0,0.000847280360176228,-0.000104602513602003,
,,,7.81249999999993E-11,0.000836820108816028,0.000282426786725409,
,,,1.56250000000002E-10,0.000585774076171219,0.000533472819370218,
,,,2.34375000000001E-10,0.000230125529924408,0.00059623432753142,
,,,3.125E-10,-9.41422622418031E-05,0.000523012568010017,
,,,3.90625E-10,-0.000261506284005009,0.000366108797607012,
,,,4.68750000000002E-10,-0.000167364021763206,0.000271966535365209,
,,,5.46875000000001E-10,-3.1380754080601E-05,0.000261506284005009,
,,,6.25000000000001E-10,7.32217595214024E-05,0.00029288703808561,
,,,7.03125E-10,0.000104602513602003,0.000355648546246812,
,,,7.81249999999999E-10,0.000104602513602003,0.000376569048967212,
,,,8.59375000000002E-10,0.000177824273123406,0.000355648546246812,
,,,9.37500000000001E-10,0.000282426786725409,0.00031380754080601,
,,,1.015625E-09,0.000366108797607012,0.000251046032644808,
,,,1.09375E-09,0.000397489551687613,0.000209205027204007,
,,,1.171875E-09,0.00031380754080601,0.000209205027204007,
,,,1.25E-09,0.000188284524483606,0.000251046032644808,
,,,1.328125E-09,8.36820108816028E-05,0.000271966535365209,
,,,1.40625E-09,4.18410054408014E-05,0.000251046032644808,
,,,1.484375E-09,0.000135983267682604,0.000156903770403005,
,,,1.5625E-09,0.000355648546246812,7.32217595214024E-05,
,,,1.640625E-09,0.000554393322090618,5.23012568010017E-05,
,,,1.71875E-09,0.000648535584332421,6.27615081612021E-05,
,,,1.796875E-09,0.000523012568010017,0.000104602513602003,
,,,1.875E-09,0.000115062764962204,6.27615081612021E-05,
,,,1.953125E-09,-0.000240585781284608,-7.32217595214024E-05,
,,,2.03125E-09,-0.000355648546246812,-0.000230125529924408,
,,,2.109375E-09,-0.000146443519042805,-0.000355648546246812,
,,,2.1875E-09,0.000387029300327413,-0.000366108797607012,
,,,2.265625E-09,0.000889121365617029,-0.000209205027204007,
,,,2.34375E-09,0.00111924689554144,2.09205027204007E-05,
,,,2.421875E-09,0.00107740589010064,0.000261506284005009,
,,,2.5E-09,0.000805439354735427,0.000449790808488615,
,,,2.578125E-09,0.000439330557128415,0.000470711311209016,
,,,2.65625E-09,0.000146443519042805,0.000345188294886611,
,,,2.734375E-09,-3.1380754080601E-05,0.000156903770403005,
,,,2.8125E-09,-6.27615081612021E-05,-5.23012568010017E-05,
,,,2.890625E-09,0.000115062764962204,-0.000188284524483606,
,,,2.96875E-09,0.000502092065289617,-0.000177824273123406,
,,,3.046875E-09,0.000836820108816028,-8.36820108816028E-05,
,,,3.125E-09,0.000951882873778231,4.18410054408014E-05,
,,,3.203125E-09,0.000753138097934425,0.000167364021763206,
,,,3.28125E-09,0.000240585781284608,0.000261506284005009,
,,,3.359375E-09,-0.000146443519042805,0.00031380754080601,
,,,3.4375E-09,-0.000271966535365209,0.000334728043526411,
,,,3.515625E-09,-0.000156903770403005,0.000345188294886611,
,,,3.59375E-09,0.000115062764962204,0.00031380754080601,
,,,3.671875E-09,0.000251046032644808,0.000240585781284608,
,,,3.75E-09,0.000219665278564207,0.000188284524483606,
,,,3.828125E-09,0.000125523016322404,0.000177824273123406,
,,,3.90625E-09,2.09205027204007E-05,0.000219665278564207,
,,,3.984375E-09,0,0.000324267792166211,
,,,4.0625E-09,6.27615081612021E-05,0.000387029300327413,
,,,4.140625E-09,0.000177824273123406,0.000366108797607012,
,,,4.21875E-09,0.000345188294886611,0.000251046032644808,
,,,4.296875E-09,0.000564853573450819,6.27615081612021E-05,
,,,4.375E-09,0.000721757343853824,-0.000125523016322404,
,,,4.453125E-09,0.000669456087052822,-0.000219665278564207,
,,,4.53125E-09,0.000449790808488615,-0.000230125529924408,
,,,4.609375E-09,0.000125523016322404,-0.000177824273123406,
,,,4.6875E-09,-0.000104602513602003,-0.000125523016322404,
,,,4.765625E-09,-1.04602513602003E-05,-0.000146443519042805,
,,,4.84375E-09,0.000209205027204007,-0.000251046032644808,
,,,4.921875E-09,0.000460251059848815,-0.000407949803047813,
,,,5E-09,0.000585774076171219,-0.000543933070730418,
,,,5.078125E-09,0.000481171562569216,-0.000554393322090618,
,,,5.15625E-09,0.000334728043526411,-0.000397489551687613,
,,,5.234375E-09,0.000230125529924408,-0.000146443519042805,
,,,5.3125E-09,0.000198744775843807,0.000115062764962204,
,,,5.390625E-09,0.000198744775843807,0.00030334728944581,
,,,5.46875E-09,0.000209205027204007,0.000282426786725409,
,,,5.546875E-09,0.000251046032644808,0.000209205027204007,
,,,5.625E-09,0.000334728043526411,0.000167364021763206,
,,,5.703125E-09,0.000439330557128415,0.000209205027204007,
,,,5.78125E-09,0.000523012568010017,0.000334728043526411,
,,,5.859375E-09,0.000502092065289617,0.000366108797607012,
,,,5.9375E-09,0.000387029300327413,0.000240585781284608,
,,,6.015625E-09,0.000219665278564207,0,
,,,6.09375E-09,6.27615081612021E-05,-0.000282426786725409,
,,,6.171875E-09,-7.32217595214024E-05,-0.000387029300327413,
,,,6.25E-09,-0.000177824273123406,-0.000334728043526411,
,,,6.328125E-09,-0.000251046032644808,-0.000230125529924408,
,,,6.40625E-09,-0.000240585781284608,-0.000125523016322404,
,,,6.484375E-09,-9.41422622418031E-05,-9.41422622418031E-05,
,,,6.5625E-09,0.000146443519042805,-6.27615081612021E-05,
,,,6.640625E-09,0.000387029300327413,3.1380754080601E-05,
,,,6.71875E-09,0.000533472819370218,0.000125523016322404,
,,,6.796875E-09,0.000543933070730418,0.000188284524483606,
,,,6.875E-09,0.000345188294886611,0.000115062764962204,
,,,6.953125E-09,8.36820108816028E-05,-1.04602513602003E-05,
,,,7.03125E-09,-0.000156903770403005,-6.27615081612021E-05,
,,,7.109375E-09,-0.00030334728944581,-4.18410054408014E-05,
,,,7.1875E-09,-0.00029288703808561,6.27615081612021E-05,
,,,7.265625E-09,-0.000104602513602003,0.000125523016322404,
,,,7.34375E-09,0.000115062764962204,9.41422622418031E-05,
,,,7.421875E-09,0.00031380754080601,1.04602513602003E-05,
,,,7.5E-09,0.000418410054408014,-5.23012568010017E-05,
,,,7.578125E-09,0.000387029300327413,-3.1380754080601E-05,
,,,7.65625E-09,0.000282426786725409,2.09205027204007E-05,
,,,7.734375E-09,0.000167364021763206,1.04602513602003E-05,
,,,7.8125E-09,8.36820108816028E-05,-6.27615081612021E-05,
,,,7.890625E-09,8.36820108816028E-05,-0.000198744775843807,
,,,7.96875E-09,0.000188284524483606,-0.00029288703808561,
,,,8.046875E-09,0.000324267792166211,-0.00031380754080601,
,,,8.125E-09,0.000407949803047813,-0.000271966535365209,
,,,8.203125E-09,0.000407949803047813,-0.000198744775843807,
,,,8.28125E-09,0.000271966535365209,-0.000104602513602003,
,,,8.359375E-09,0.000125523016322404,-1.04602513602003E-05,
,,,8.4375E-09,6.27615081612021E-05,9.41422622418031E-05,
,,,8.515625E-09,0.000104602513602003,0.000209205027204007,
,,,8.59375E-09,0.000251046032644808,0.00030334728944581,
,,,8.671875E-09,0.000407949803047813,0.00030334728944581,
,,,8.75E-09,0.000512552316649817,0.000219665278564207,
,,,8.828125E-09,0.000564853573450819,0.000115062764962204,
,,,8.90625E-09,0.000585774076171219,3.1380754080601E-05,
,,,8.984375E-09,0.00060669457889162,-1.04602513602003E-05,
,,,9.0625E-09,0.000648535584332421,0,
,,,9.140625E-09,0.000679916338413022,0,
,,,9.21875E-09,0.000700836841133423,-3.1380754080601E-05,
,,,9.296875E-09,0.000658995835692622,-9.41422622418031E-05,
,,,9.375E-09,0.000491631813929416,-0.000167364021763206,
,,,9.453125E-09,0.000230125529924408,-0.000198744775843807,
,,,9.53125E-09,-7.32217595214024E-05,-0.000188284524483606,
,,,9.609375E-09,-0.000345188294886611,-0.000167364021763206,
,,,9.6875E-09,-0.000481171562569216,-0.000188284524483606,
,,,9.765625E-09,-0.000407949803047813,-0.000334728043526411,
,,,9.84375E-09,-0.000198744775843807,-0.000491631813929416,
,,,9.921875E-09,8.36820108816028E-05,-0.00060669457889162,
,,,1E-08,0.000345188294886611,-0.000627615081612021,
,,,1.0078125E-08,0.000449790808488615,-0.000491631813929416,
,,,1.015625E-08,0.000376569048967212,-0.00030334728944581,
,,,1.0234375E-08,0.000156903770403005,-0.000125523016322404,
,,,1.03125E-08,-0.000167364021763206,-1.04602513602003E-05,
,,,1.0390625E-08,-0.000502092065289617,2.09205027204007E-05,
,,,1.046875E-08,-0.000658995835692622,1.04602513602003E-05,
,,,1.0546875E-08,-0.00059623432753142,-2.09205027204007E-05,
,,,1.0625E-08,-0.000345188294886611,-7.32217595214024E-05,
,,,1.0703125E-08,3.1380754080601E-05,-0.000125523016322404,
,,,1.078125E-08,0.000418410054408014,-0.000135983267682604,
,,,1.0859375E-08,0.000638075332972221,-9.41422622418031E-05,
,,,1.09375E-08,0.000700836841133423,2.09205027204007E-05,
,,,1.1015625E-08,0.000627615081612021,0.000188284524483606,
,,,1.109375E-08,0.000449790808488615,0.000376569048967212,
,,,1.1171875E-08,0.000209205027204007,0.000502092065289617,
,,,1.125E-08,-2.09205027204007E-05,0.000512552316649817,
,,,1.1328125E-08,-0.000198744775843807,0.000418410054408014,
,,,1.140625E-08,-0.000324267792166211,0.000219665278564207,
,,,1.1484375E-08,-0.000345188294886611,-2.09205027204007E-05,
,,,1.15625E-08,-0.000251046032644808,-0.000230125529924408,
,,,1.1640625E-08,-6.27615081612021E-05,-0.000376569048967212,
,,,1.171875E-08,0.000156903770403005,-0.000481171562569216,
,,,1.1796875E-08,0.000355648546246812,-0.000564853573450819,
,,,1.1875E-08,0.000387029300327413,-0.00060669457889162,
,,,1.1953125E-08,0.000230125529924408,-0.000533472819370218,
,,,1.203125E-08,-5.23012568010017E-05,-0.000334728043526411,
,,,1.2109375E-08,-0.000376569048967212,-8.36820108816028E-05,
,,,1.21875E-08,-0.00061715483025182,0.000146443519042805,
,,,1.2265625E-08,-0.00060669457889162,5.23012568010017E-05,
,,,1.234375E-08,-0.000418410054408014,-0.000282426786725409,
,,,1.2421875E-08,-0.000125523016322404,-0.000679916338413022,
,,,1.25E-08,0.000198744775843807,-0.000972803376498632,
,,,1.2578125E-08,0.000366108797607012,-0.000826359857455827,
,,,1.265625E-08,0.00031380754080601,-0.000271966535365209,
,,,1.2734375E-08,0.000115062764962204,0.000345188294886611,
,,,1.28125E-08,-0.000135983267682604,0.000826359857455827,
,,,1.2890625E-08,-0.00031380754080601,0.000972803376498632,
,,,1.296875E-08,-0.000146443519042805,0.000638075332972221,
,,,1.3046875E-08,0.000219665278564207,0.000219665278564207,
,,,1.3125E-08,0.000627615081612021,-9.41422622418031E-05,
,,,1.3203125E-08,0.00089958161697723,-0.000188284524483606,
,,,1.328125E-08,0.000774058600654826,3.1380754080601E-05,
,,,1.3359375E-08,0.000397489551687613,0.000397489551687613,
,,,1.34375E-08,5.23012568010017E-05,0.000658995835692622,
,,,1.3515625E-08,-0.000135983267682604,0.000742677846574225,
,,,1.359375E-08,-4.18410054408014E-05,0.000585774076171219,
,,,1.3671875E-08,0.000282426786725409,0.000230125529924408,
,,,1.375E-08,0.000533472819370218,-0.000115062764962204,
,,,1.3828125E-08,0.000669456087052822,-0.000366108797607012,
,,,1.390625E-08,0.000648535584332421,-0.000470711311209016,
,,,1.3984375E-08,0.000533472819370218,-0.000418410054408014,
,,,1.40625E-08,0.000418410054408014,-0.000240585781284608,
,,,1.4140625E-08,0.000334728043526411,-4.18410054408014E-05,
,,,1.421875E-08,0.000271966535365209,9.41422622418031E-05,
,,,1.4296875E-08,0.000219665278564207,0.000104602513602003,
,,,1.4375E-08,0.000219665278564207,-9.41422622418031E-05,
,,,1.4453125E-08,0.000230125529924408,-0.000376569048967212,
,,,1.453125E-08,0.000251046032644808,-0.00059623432753142,
,,,1.4609375E-08,0.000271966535365209,-0.000690376589773223,
,,,1.46875E-08,0.00030334728944581,-0.00060669457889162,
,,,1.4765625E-08,0.000366108797607012,-0.000397489551687613,
,,,1.484375E-08,0.000407949803047813,-0.000188284524483606,
,,,1.4921875E-08,0.000439330557128415,0,
,,,1.5E-08,0.000428870305768214,0.000156903770403005,
,,,1.5078125E-08,0.000345188294886611,0.000261506284005009,
,,,1.515625E-08,0.000261506284005009,0.000209205027204007,
,,,1.5234375E-08,0.000188284524483606,3.1380754080601E-05,
,,,1.53125E-08,0.000146443519042805,-0.000198744775843807,
,,,1.5390625E-08,0.000104602513602003,-0.000397489551687613,
,,,1.546875E-08,1.04602513602003E-05,-0.000345188294886611,
,,,1.5546875E-08,-8.36820108816028E-05,-0.000188284524483606,
,,,1.5625E-08,-0.000135983267682604,-8.36820108816028E-05,
,,,1.5703125E-08,-0.000125523016322404,-0.000156903770403005,
,,,1.578125E-08,-4.18410054408014E-05,-0.000470711311209016,
,,,1.5859375E-08,5.23012568010017E-05,-0.000721757343853824,
,,,1.59375E-08,0.000115062764962204,-0.000742677846574225,
,,,1.6015625E-08,0.000167364021763206,-0.000512552316649817,
,,,1.609375E-08,0.000219665278564207,-9.41422622418031E-05,
,,,1.6171875E-08,0.000334728043526411,0.000198744775843807,
,,,1.625E-08,0.000387029300327413,0.000230125529924408,
,,,1.6328125E-08,0.000355648546246812,8.36820108816028E-05,
,,,1.640625E-08,0.000240585781284608,-0.000146443519042805,
,,,1.6484375E-08,9.41422622418031E-05,-0.00029288703808561,
,,,1.65625E-08,7.32217595214024E-05,-0.000271966535365209,
,,,1.6640625E-08,0.000156903770403005,-0.000198744775843807,
,,,1.671875E-08,0.00029288703808561,-0.000125523016322404,
,,,1.6796875E-08,0.000397489551687613,-0.000104602513602003,
,,,1.6875E-08,0.00030334728944581,-0.000115062764962204,
,,,1.6953125E-08,6.27615081612021E-05,-0.000104602513602003,
,,,1.703125E-08,-0.000198744775843807,-2.09205027204007E-05,
,,,1.7109375E-08,-0.000397489551687613,0.000104602513602003,
,,,1.71875E-08,-0.000449790808488615,0.000240585781284608,
,,,1.7265625E-08,-0.000261506284005009,0.000230125529924408,
,,,1.734375E-08,4.18410054408014E-05,4.18410054408014E-05,
,,,1.7421875E-08,0.000355648546246812,-0.000230125529924408,
,,,1.75E-08,0.000585774076171219,-0.000512552316649817,
,,,1.7578125E-08,0.000554393322090618,-0.000585774076171219,
,,,1.765625E-08,0.000334728043526411,-0.000334728043526411,
,,,1.7734375E-08,9.41422622418031E-05,0,
,,,1.78125E-08,-6.27615081612021E-05,0.000271966535365209,
,,,1.7890625E-08,-1.04602513602003E-05,0.000334728043526411,
,,,1.796875E-08,0.000177824273123406,9.41422622418031E-05,
,,,1.8046875E-08,0.000271966535365209,-0.000156903770403005,
,,,1.8125E-08,0.000219665278564207,-0.00031380754080601,
,,,1.8203125E-08,2.09205027204007E-05,-0.000324267792166211,
,,,1.828125E-08,-0.000209205027204007,-0.000209205027204007,
,,,1.8359375E-08,-0.000334728043526411,-9.41422622418031E-05,
,,,1.84375E-08,-0.000376569048967212,-2.09205027204007E-05,
,,,1.8515625E-08,-0.000355648546246812,4.18410054408014E-05,
,,,1.859375E-08,-0.000345188294886611,7.32217595214024E-05,
,,,1.8671875E-08,-0.00031380754080601,-2.09205027204007E-05,
,,,1.875E-08,-0.000230125529924408,-0.000282426786725409,
,,,1.8828125E-08,-8.36820108816028E-05,-0.000638075332972221,
,,,1.890625E-08,0.000115062764962204,-0.00092050211969763,
,,,1.8984375E-08,0.00029288703808561,-0.00092050211969763,
,,,1.90625E-08,0.000355648546246812,-0.000418410054408014,
,,,1.9140625E-08,0.000345188294886611,0.000198744775843807,
,,,1.921875E-08,0.00031380754080601,0.000658995835692622,
,,,1.9296875E-08,0.000345188294886611,0.000732217595214024,
,,,1.9375E-08,0.000491631813929416,0.000251046032644808,
,,,1.9453125E-08,0.00061715483025182,-0.000271966535365209,
,,,1.953125E-08,0.000648535584332421,-0.000491631813929416,
,,,1.9609375E-08,0.000585774076171219,-0.000334728043526411,
,,,1.96875E-08,0.000439330557128415,0.000188284524483606,
,,,1.9765625E-08,0.000397489551687613,0.00061715483025182,
,,,1.984375E-08,0.000481171562569216,0.000700836841133423,
,,,1.9921875E-08,0.000638075332972221,0.000470711311209016,
,,,2E-08,0.000763598349294625,4.18410054408014E-05,
,,,2.0078125E-08,0.000658995835692622,-0.000334728043526411,
,,,2.015625E-08,0.000366108797607012,-0.000428870305768214,
,,,2.0234375E-08,4.18410054408014E-05,-0.000324267792166211,
,,,2.03125E-08,-0.000188284524483606,-6.27615081612021E-05,
,,,2.0390625E-08,-0.000198744775843807,0.000251046032644808,
,,,2.046875E-08,-1.04602513602003E-05,0.000491631813929416,
,,,2.0546875E-08,0.000209205027204007,0.000575313824811019,
,,,2.0625E-08,0.000387029300327413,0.000481171562569216,
,,,2.0703125E-08,0.000460251059848815,0.000230125529924408,
,,,2.078125E-08,0.000470711311209016,-9.41422622418031E-05,
,,,2.0859375E-08,0.000543933070730418,-0.000271966535365209,
,,,2.09375E-08,0.000700836841133423,-0.000271966535365209,
,,,2.1015625E-08,0.00089958161697723,-0.000146443519042805,
,,,2.109375E-08,0.00105648538738023,6.27615081612021E-05,
,,,2.1171875E-08,0.000983263627858832,0.000156903770403005,
,,,2.125E-08,0.000721757343853824,0.000104602513602003,
,,,2.1328125E-08,0.000355648546246812,-4.18410054408014E-05,
,,,2.140625E-08,0,-0.000209205027204007,
,,,2.1484375E-08,-0.000177824273123406,-0.00030334728944581,
,,,2.15625E-08,-9.41422622418031E-05,-0.000219665278564207,
,,,2.1640625E-08,0.000104602513602003,-3.1380754080601E-05,
,,,2.171875E-08,0.000345188294886611,0.000188284524483606,
,,,2.1796875E-08,0.000523012568010017,0.000345188294886611,
,,,2.1875E-08,0.000512552316649817,0.000240585781284608,
,,,2.1953125E-08,0.000376569048967212,-6.27615081612021E-05,
,,,2.203125E-08,0.000198744775843807,-0.000397489551687613,
,,,2.2109375E-08,5.23012568010017E-05,-0.000627615081612021,
,,,2.21875E-08,3.1380754080601E-05,-0.00061715483025182,
,,,2.2265625E-08,0.000156903770403005,-0.00031380754080601,
,,,2.234375E-08,0.000324267792166211,-5.23012568010017E-05,
,,,2.2421875E-08,0.000481171562569216,6.27615081612021E-05,
,,,2.25E-08,0.000575313824811019,-2.09205027204007E-05,
,,,2.2578125E-08,0.000554393322090618,-0.000251046032644808,
,,,2.265625E-08,0.000460251059848815,-0.000397489551687613,
,,,2.2734375E-08,0.000345188294886611,-0.000418410054408014,
,,,2.28125E-08,0.000240585781284608,-0.000355648546246812,
,,,2.2890625E-08,0.000188284524483606,-0.000282426786725409,
,,,2.296875E-08,0.000219665278564207,-0.000324267792166211,
,,,2.3046875E-08,0.000251046032644808,-0.000428870305768214,
,,,2.3125E-08,0.000198744775843807,-0.000491631813929416,
,,,2.3203125E-08,5.23012568010017E-05,-0.000470711311209016,
,,,2.328125E-08,-0.000209205027204007,-0.000366108797607012,
,,,2.3359375E-08,-0.000376569048967212,-0.000251046032644808,
,,,2.34375E-08,-0.000334728043526411,-0.000198744775843807,
,,,2.3515625E-08,-0.000115062764962204,-0.000177824273123406,
,,,2.359375E-08,0.000240585781284608,-0.000146443519042805,
,,,2.3671875E-08,0.000470711311209016,0,
,,,2.375E-08,0.000460251059848815,0.000209205027204007,
,,,2.3828125E-08,0.000251046032644808,0.000376569048967212,
,,,2.390625E-08,-8.36820108816028E-05,0.000428870305768214,
,,,2.3984375E-08,-0.000387029300327413,0.00031380754080601,
,,,2.40625E-08,-0.000407949803047813,0.000135983267682604,
,,,2.4140625E-08,-0.000188284524483606,4.18410054408014E-05,
,,,2.421875E-08,0.000198744775843807,8.36820108816028E-05,
,,,2.4296875E-08,0.000627615081612021,0.000230125529924408,
,,,2.4375E-08,0.000742677846574225,0.000418410054408014,
,,,2.4453125E-08,0.000512552316649817,0.000481171562569216,
,,,2.453125E-08,9.41422622418031E-05,0.000439330557128415,
,,,2.4609375E-08,-0.000345188294886611,0.000324267792166211,
,,,2.46875E-08,-0.000523012568010017,0.000167364021763206,
,,,2.4765625E-08,-0.00029288703808561,2.09205027204007E-05,
,,,2.484375E-08,8.36820108816028E-05,-0.000135983267682604,
,,,2.4921875E-08,0.000449790808488615,-0.000271966535365209,
,,,2.5E-08,0.000638075332972221,-0.000334728043526411,
,,,2.5078125E-08,0.000533472819370218,-0.000230125529924408,
,,,2.515625E-08,0.00031380754080601,6.27615081612021E-05,
,,,2.5234375E-08,0.000115062764962204,0.000366108797607012,
,,,2.53125E-08,-3.1380754080601E-05,0.000575313824811019,
,,,2.5390625E-08,-7.32217595214024E-05,0.000585774076171219,
,,,2.546875E-08,-1.04602513602003E-05,0.000334728043526411,
,,,2.5546875E-08,0.000135983267682604,5.23012568010017E-05,
,,,2.5625E-08,0.00030334728944581,-0.000177824273123406,
,,,2.5703125E-08,0.000428870305768214,-0.000324267792166211,
,,,2.578125E-08,0.000407949803047813,-0.000418410054408014,
,,,2.5859375E-08,0.000230125529924408,-0.000523012568010017,
,,,2.59375E-08,3.1380754080601E-05,-0.000585774076171219,
,,,2.6015625E-08,-8.36820108816028E-05,-0.000564853573450819,
,,,2.609375E-08,-5.23012568010017E-05,-0.000407949803047813,
,,,2.6171875E-08,0.000188284524483606,-0.000115062764962204,
,,,2.625E-08,0.000407949803047813,0.000115062764962204,
,,,2.6328125E-08,0.000523012568010017,0.000198744775843807,
,,,2.640625E-08,0.000512552316649817,0.000125523016322404,
,,,2.6484375E-08,0.000366108797607012,-4.18410054408014E-05,
,,,2.65625E-08,0.000188284524483606,-0.000115062764962204,
,,,2.6640625E-08,5.23012568010017E-05,-9.41422622418031E-05,
,,,2.671875E-08,-1.04602513602003E-05,-1.04602513602003E-05,
,,,2.6796875E-08,1.04602513602003E-05,0.000104602513602003,
,,,2.6875E-08,0.000135983267682604,0.000219665278564207,
,,,2.6953125E-08,0.000261506284005009,0.000355648546246812,
,,,2.703125E-08,0.000334728043526411,0.000449790808488615,
,,,2.7109375E-08,0.00030334728944581,0.000470711311209016,
,,,2.71875E-08,0.000156903770403005,0.000397489551687613,
,,,2.7265625E-08,1.04602513602003E-05,0.000188284524483606,
,,,2.734375E-08,-1.04602513602003E-05,2.09205027204007E-05,
,,,2.7421875E-08,0.000104602513602003,-5.23012568010017E-05,
,,,2.75E-08,0.000334728043526411,1.04602513602003E-05,
,,,2.7578125E-08,0.000575313824811019,0.000188284524483606,
,,,2.765625E-08,0.000669456087052822,0.000345188294886611,
,,,2.7734375E-08,0.000638075332972221,0.000418410054408014,
,,,2.78125E-08,0.000481171562569216,0.000418410054408014,
,,,2.7890625E-08,0.000271966535365209,0.000345188294886611,
,,,2.796875E-08,0.000156903770403005,0.000230125529924408,
,,,2.8046875E-08,0.000156903770403005,0.000135983267682604,
,,,2.8125E-08,0.000240585781284608,0.000115062764962204,
,,,2.8203125E-08,0.000387029300327413,0.000135983267682604,
,,,2.828125E-08,0.000481171562569216,0.000146443519042805,
,,,2.8359375E-08,0.000460251059848815,5.23012568010017E-05,
,,,2.84375E-08,0.000355648546246812,-0.000125523016322404,
,,,2.8515625E-08,0.000198744775843807,-0.000282426786725409,
,,,2.859375E-08,6.27615081612021E-05,-0.000355648546246812,
,,,2.8671875E-08,1.04602513602003E-05,-0.000209205027204007,
,,,2.875E-08,4.18410054408014E-05,-6.27615081612021E-05,
,,,2.8828125E-08,0.000135983267682604,-2.09205027204007E-05,
