Address:,USB0::0x0957::0x17BC::MY60101365::0::INSTR,,Analog Channels,,,
Model:,MSO-X 4154A,,Time (s),1 (VOLT),4 (VOLT),
Serial Number:,MY60101365,,-1.5E-08,0.000219665278564207,-0.000346966538927518,
Firmware Version:,07.31.2020012900,,-1.4921875E-08,5.23012568010017E-05,-0.000305125533486716,
Start Time:,2022-09-16 14:54:27.321,,-1.484375E-08,-0.000135983267682604,-0.000326046036207117,
Capture#:,30,,-1.4765625E-08,-0.000104602513602003,-0.000346966538927518,
,,,-1.46875E-08,3.1380754080601E-05,-0.000326046036207117,
,,,-1.4609375E-08,0.000188284524483606,-0.000294665282126516,
,,,-1.453125E-08,0.000251046032644808,-0.000263284528045915,
,,,-1.4453125E-08,0.000135983267682604,-0.000263284528045915,
,,,-1.4375E-08,6.27615081612021E-05,-0.000137761511723511,
,,,-1.4296875E-08,0.000104602513602003,9.23640182008967E-05,
,,,-1.421875E-08,0.00029288703808561,0.000353870302205905,
,,,-1.4140625E-08,0.000564853573450819,0.000542154826689512,
,,,-1.40625E-08,0.000669456087052822,0.000385251056286506,
,,,-1.3984375E-08,0.00060669457889162,4.0062761399895E-05,
,,,-1.390625E-08,0.000397489551687613,-0.000305125533486716,
,,,-1.3828125E-08,0.000115062764962204,-0.000482949806610122,
,,,-1.375E-08,-0.000104602513602003,-0.000315585784846917,
,,,-1.3671875E-08,-0.000167364021763206,4.0062761399895E-05,
,,,-1.359375E-08,-7.32217595214024E-05,0.000280648542684503,
,,,-1.3515625E-08,0.000115062764962204,0.000322489548125304,
,,,-1.34375E-08,0.000324267792166211,0.000113284520921297,
,,,-1.3359375E-08,0.000334728043526411,-0.000179602517164312,
,,,-1.328125E-08,0.000135983267682604,-0.000263284528045915,
,,,-1.3203125E-08,-0.000156903770403005,-0.000169142265804112,
,,,-1.3125E-08,-0.000439330557128415,5.05230127600953E-05,
,,,-1.3046875E-08,-0.000491631813929416,0.000249267788603902,
,,,-1.296875E-08,-0.000230125529924408,0.0001865062804427,
,,,-1.2890625E-08,0.000167364021763206,-6.45397522021085E-05,
,,,-1.28125E-08,0.000543933070730418,-0.000378347293008119,
,,,-1.2734375E-08,0.000721757343853824,-0.000618933074292727,
,,,-1.265625E-08,0.000533472819370218,-0.000577092068851925,
,,,-1.2578125E-08,0.000230125529924408,-0.000305125533486716,
,,,-1.25E-08,-3.1380754080601E-05,-1.77824404090643E-06,
,,,-1.2421875E-08,-0.000125523016322404,0.000238807537243702,
,,,-1.234375E-08,5.23012568010017E-05,0.000301569045404904,
,,,-1.2265625E-08,0.000334728043526411,0.000155125526362099,
,,,-1.21875E-08,0.000575313824811019,-1.77824404090643E-06,
,,,-1.2109375E-08,0.000711297092493624,-8.54602549225092E-05,
,,,-1.203125E-08,0.000700836841133423,-7.50000035623088E-05,
,,,-1.1953125E-08,0.000564853573450819,5.05230127600953E-05,
,,,-1.1875E-08,0.000376569048967212,0.000176046029082499,
,,,-1.1796875E-08,0.000198744775843807,0.000280648542684503,
,,,-1.171875E-08,7.32217595214024E-05,0.000322489548125304,
,,,-1.1640625E-08,3.1380754080601E-05,0.000280648542684503,
,,,-1.15625E-08,0.000104602513602003,0.000134205023641698,
,,,-1.1484375E-08,0.000219665278564207,-4.36192494817078E-05,
,,,-1.140625E-08,0.000324267792166211,-0.000169142265804112,
,,,-1.1328125E-08,0.000376569048967212,-0.000200523019884713,
,,,-1.125E-08,0.000355648546246812,-3.31589981215075E-05,
,,,-1.1171875E-08,0.00031380754080601,0.0002074267831631,
,,,-1.109375E-08,0.00029288703808561,0.000322489548125304,
,,,-1.1015625E-08,0.00031380754080601,0.000249267788603902,
,,,-1.09375E-08,0.000355648546246812,-6.45397522021085E-05,
,,,-1.0859375E-08,0.000355648546246812,-0.000451569052529521,
,,,-1.078125E-08,0.000261506284005009,-0.000608472822932526,
,,,-1.0703125E-08,0.000115062764962204,-0.000514330560690723,
,,,-1.0625E-08,-5.23012568010017E-05,-0.000200523019884713,
,,,-1.0546875E-08,-0.000135983267682604,0.0001969665318029,
,,,-1.046875E-08,-3.1380754080601E-05,0.000385251056286506,
,,,-1.0390625E-08,0.000167364021763206,0.000343410050845705,
,,,-1.03125E-08,0.000366108797607012,0.000155125526362099,
,,,-1.0234375E-08,0.000449790808488615,-0.00010638075764291,
,,,-1.015625E-08,0.000261506284005009,-0.000273744779406115,
,,,-1.0078125E-08,1.04602513602003E-05,-0.000263284528045915,
,,,-1E-08,-0.000167364021763206,-0.000148221763083711,
,,,-9.921875E-09,-0.000115062764962204,2.96025100396946E-05,
,,,-9.84375E-09,0.000261506284005009,0.000228347285883501,
,,,-9.765625E-09,0.000826359857455827,0.000374790804926306,
,,,-9.6875E-09,0.00125523016322404,0.000437552313087508,
,,,-9.609375E-09,0.00145397493906785,0.000374790804926306,
,,,-9.53125E-09,0.00130753142002504,0.0002074267831631,
,,,-9.453125E-09,0.000794979103375226,-8.54602549225092E-05,
,,,-9.375E-09,0.000219665278564207,-0.000357426790287718,
,,,-9.296875E-09,-0.000261506284005009,-0.000503870309330523,
,,,-9.21875E-09,-0.000533472819370218,-0.000503870309330523,
,,,-9.140625E-09,-0.000512552316649817,-0.000346966538927518,
,,,-9.0625E-09,-0.000251046032644808,-0.000158682014443912,
,,,-8.984375E-09,5.23012568010017E-05,-9.59205062827095E-05,
,,,-8.90625E-09,0.00031380754080601,-0.000137761511723511,
,,,-8.828125E-09,0.000449790808488615,-0.000273744779406115,
,,,-8.75E-09,0.000407949803047813,-0.000378347293008119,
,,,-8.671875E-09,0.000282426786725409,-0.000388807544368319,
,,,-8.59375E-09,0.000104602513602003,-0.000388807544368319,
,,,-8.515625E-09,-7.32217595214024E-05,-0.00039926779572852,
,,,-8.4375E-09,-0.000240585781284608,-0.000493410057970323,
,,,-8.359375E-09,-0.000324267792166211,-0.000618933074292727,
,,,-8.28125E-09,-0.00030334728944581,-0.000650313828373328,
,,,-8.203125E-09,-0.000198744775843807,-0.000598012571572326,
,,,-8.125E-09,-5.23012568010017E-05,-0.000482949806610122,
,,,-8.046875E-09,5.23012568010017E-05,-0.000388807544368319,
,,,-7.96875E-09,5.23012568010017E-05,-0.000357426790287718,
,,,-7.890625E-09,-2.09205027204007E-05,-0.000305125533486716,
,,,-7.8125E-09,-0.000104602513602003,-0.000242364025325514,
,,,-7.734375E-09,-0.000135983267682604,-0.000179602517164312,
,,,-7.65625E-09,-0.000104602513602003,-0.000242364025325514,
,,,-7.578125E-09,-5.23012568010017E-05,-0.00039926779572852,
,,,-7.5E-09,1.04602513602003E-05,-0.000545711314771324,
,,,-7.421875E-09,7.32217595214024E-05,-0.000556171566131525,
,,,-7.34375E-09,0.000125523016322404,-0.000336506287567317,
,,,-7.265625E-09,0.000104602513602003,1.91422586794943E-05,
,,,-7.1875E-09,0,0.000217887034523301,
,,,-7.109375E-09,-0.000146443519042805,0.0001969665318029,
,,,-7.03125E-09,-0.000282426786725409,-4.36192494817078E-05,
,,,-6.953125E-09,-0.000282426786725409,-0.00039926779572852,
,,,-6.875E-09,-0.000146443519042805,-0.000577092068851925,
,,,-6.796875E-09,3.1380754080601E-05,-0.000566631817491725,
,,,-6.71875E-09,0.000177824273123406,-0.000367887041647919,
,,,-6.640625E-09,0.000188284524483606,-4.36192494817078E-05,
,,,-6.5625E-09,3.1380754080601E-05,0.000280648542684503,
,,,-6.484375E-09,-0.000209205027204007,0.000479393318528309,
,,,-6.40625E-09,-0.000449790808488615,0.000531694575329311,
,,,-6.328125E-09,-0.000627615081612021,0.000395711307646707,
,,,-6.25E-09,-0.000638075332972221,0.000113284520921297,
,,,-6.171875E-09,-0.000533472819370218,-0.000179602517164312,
,,,-6.09375E-09,-0.000366108797607012,-0.000346966538927518,
,,,-6.015625E-09,-0.000177824273123406,-0.000367887041647919,
,,,-5.9375E-09,0,-0.000231903773965314,
,,,-5.859375E-09,0.000156903770403005,8.68200731929392E-06,
,,,-5.78125E-09,0.00029288703808561,0.000176046029082499,
,,,-5.703125E-09,0.000397489551687613,0.0001969665318029,
,,,-5.625E-09,0.000439330557128415,5.05230127600953E-05,
,,,-5.546875E-09,0.000376569048967212,-0.000273744779406115,
,,,-5.46875E-09,0.000261506284005009,-0.000566631817491725,
,,,-5.390625E-09,0.000115062764962204,-0.000660774079733528,
,,,-5.3125E-09,-5.23012568010017E-05,-0.000545711314771324,
,,,-5.234375E-09,-0.000209205027204007,-0.000284205030766316,
,,,-5.15625E-09,-0.000334728043526411,-8.54602549225092E-05,
,,,-5.078125E-09,-0.000355648546246812,-0.000179602517164312,
,,,-5E-09,-0.000198744775843807,-0.00042018829844892,
,,,-4.921875E-09,0.000135983267682604,-0.000681694582453929,
,,,-4.84375E-09,0.00061715483025182,-0.000733995839254931,
,,,-4.765625E-09,0.000962343125138432,-0.000430648549809121,
,,,-4.6875E-09,0.00102510463329963,-0.00011684100900311,
,,,-4.609375E-09,0.000794979103375226,4.0062761399895E-05,
,,,-4.53125E-09,0.00031380754080601,-1.22384954011068E-05,
,,,-4.453125E-09,-0.000167364021763206,-0.000221443522605114,
,,,-4.375E-09,-0.000439330557128415,-0.000263284528045915,
,,,-4.296875E-09,-0.000502092065289617,-0.000169142265804112,
,,,-4.21875E-09,-0.000366108797607012,-5.40795008419082E-05,
,,,-4.140625E-09,-0.000104602513602003,-6.45397522021085E-05,
,,,-4.0625E-09,0.000135983267682604,-0.000430648549809121,
,,,-3.984375E-09,0.000282426786725409,-0.000817677850136533,
,,,-3.90625E-09,0.000271966535365209,-0.00105826363142114,
,,,-3.828125E-09,6.27615081612021E-05,-0.00105826363142114,
,,,-3.75E-09,-0.00029288703808561,-0.000744456090615131,
,,,-3.671875E-09,-0.000543933070730418,-0.00039926779572852,
,,,-3.59375E-09,-0.000523012568010017,-0.000169142265804112,
,,,-3.515625E-09,-0.000177824273123406,-5.40795008419082E-05,
,,,-3.4375E-09,0.000470711311209016,-4.36192494817078E-05,
,,,-3.359375E-09,0.00105648538738023,-4.36192494817078E-05,
,,,-3.28125E-09,0.00127615066594444,8.68200731929392E-06,
,,,-3.203125E-09,0.00110878664418124,7.1443515480496E-05,
,,,-3.125E-09,0.000638075332972221,0.000113284520921297,
,,,-3.046875E-09,0.000104602513602003,0.000102824269561097,
,,,-2.96875E-09,-0.000115062764962204,4.0062761399895E-05,
,,,-2.890625E-09,-5.23012568010017E-05,-3.31589981215075E-05,
,,,-2.8125E-09,0.000209205027204007,-0.00010638075764291,
,,,-2.734375E-09,0.000543933070730418,-0.000190062768524513,
,,,-2.65625E-09,0.000658995835692622,-0.000252824276685715,
,,,-2.578125E-09,0.00060669457889162,-0.000284205030766316,
,,,-2.5E-09,0.000449790808488615,-0.000263284528045915,
,,,-2.421875E-09,0.000271966535365209,-0.000210983271244913,
,,,-2.34375E-09,0.000146443519042805,-0.000179602517164312,
,,,-2.265625E-09,6.27615081612021E-05,-0.000263284528045915,
,,,-2.1875E-09,-6.27615081612021E-05,-0.00039926779572852,
,,,-2.109375E-09,-0.000219665278564207,-0.000514330560690723,
,,,-2.03125E-09,-0.000397489551687613,-0.000535251063411124,
,,,-1.953125E-09,-0.000439330557128415,-0.000388807544368319,
,,,-1.875E-09,-0.000251046032644808,-0.000190062768524513,
,,,-1.796875E-09,8.36820108816028E-05,-9.59205062827095E-05,
,,,-1.71875E-09,0.000470711311209016,-0.000179602517164312,
,,,-1.640625E-09,0.000742677846574225,-0.000430648549809121,
,,,-1.5625E-09,0.000753138097934425,-0.000692154833814129,
,,,-1.484375E-09,0.000648535584332421,-0.000744456090615131,
,,,-1.40625E-09,0.000543933070730418,-0.000587552320212126,
,,,-1.328125E-09,0.000554393322090618,-0.000284205030766316,
,,,-1.25E-09,0.000732217595214024,1.91422586794943E-05,
,,,-1.171875E-09,0.000889121365617029,0.000102824269561097,
,,,-1.09375E-09,0.000930962371057831,4.0062761399895E-05,
,,,-1.015625E-09,0.000805439354735427,-0.00010638075764291,
,,,-9.37499999999998E-10,0.000543933070730418,-0.000242364025325514,
,,,-8.59374999999998E-10,0.000345188294886611,-0.000263284528045915,
,,,-7.81249999999999E-10,0.000345188294886611,-0.000252824276685715,
,,,-7.03124999999998E-10,0.000554393322090618,-0.000252824276685715,
,,,-6.24999999999999E-10,0.00092050211969763,-0.000252824276685715,
,,,-5.46874999999998E-10,0.00131799167138524,-0.000242364025325514,
,,,-4.68749999999999E-10,0.00153765694994945,-0.00011684100900311,
,,,-3.90624999999998E-10,0.00162133896083105,7.1443515480496E-05,
,,,-3.12499999999999E-10,0.00164225946355145,0.000259728039964102,
,,,-2.34374999999998E-10,0.00172594147443306,0.000385251056286506,
,,,-1.56249999999999E-10,0.00208159002067987,0.000343410050845705,
,,,-7.81249999999993E-11,0.00262552309141029,0.0001865062804427,
,,,3.30872245021211E-24,0.00322175741894171,8.68200731929392E-06,
,,,7.81250000000026E-11,0.00377615074103232,-0.000158682014443912,
,,,1.56250000000002E-10,0.00416318004135974,-0.000263284528045915,
,,,2.34375000000001E-10,0.00437238506856374,-0.000294665282126516,
,,,3.125E-10,0.00446652733080555,-0.000273744779406115,
,,,3.90625000000003E-10,0.00447698758216575,-0.000200523019884713,
,,,4.68750000000002E-10,0.00445606707944535,-8.54602549225092E-05,
,,,5.46875000000001E-10,0.00449790808488615,7.1443515480496E-05,
,,,6.25000000000001E-10,0.00468619260936975,0.000228347285883501,
,,,7.03125000000003E-10,0.00502092065289617,0.000332949799485505,
,,,7.81250000000002E-10,0.00543933070730418,0.000395711307646707,
,,,8.59375000000002E-10,0.00583682025899179,0.000385251056286506,
,,,9.37500000000001E-10,0.005951883023954,0.000312029296765104,
,,,1.015625E-09,0.00584728051035199,0.000155125526362099,
,,,1.09375E-09,0.00560669472906739,-7.50000035623088E-05,
,,,1.171875E-09,0.00537656919914298,-0.000336506287567317,
,,,1.25E-09,0.00537656919914298,-0.000556171566131525,
,,,1.328125E-09,0.00565899598586839,-0.000545711314771324,
,,,1.40625E-09,0.0060669457889162,-0.000378347293008119,
,,,1.484375E-09,0.00650627634604461,-0.000148221763083711,
,,,1.5625E-09,0.00685146464093123,4.0062761399895E-05,
,,,1.640625E-09,0.00698744790861383,-7.50000035623088E-05,
,,,1.71875E-09,0.00702928891405463,-0.000378347293008119,
,,,1.796875E-09,0.00702928891405463,-0.000692154833814129,
,,,1.875E-09,0.00705020941677503,-0.000869979106937535,
,,,1.953125E-09,0.00714435167901684,-0.000765376593335532,
,,,2.03125E-09,0.00734309645486064,-0.00042018829844892,
,,,2.109375E-09,0.00756276173342485,-0.00010638075764291,
,,,2.1875E-09,0.00776150650926866,8.19037668406963E-05,
,,,2.265625E-09,0.00786610902287066,9.23640182008967E-05,
,,,2.34375E-09,0.00782426801742986,-4.36192494817078E-05,
,,,2.421875E-09,0.00777196676062886,-0.000137761511723511,
,,,2.5E-09,0.00779288726334926,-0.000137761511723511,
,,,2.578125E-09,0.00797071153647266,-6.45397522021085E-05,
,,,2.65625E-09,0.00828451907727867,4.0062761399895E-05,
,,,2.734375E-09,0.00854602536128368,8.19037668406963E-05,
,,,2.8125E-09,0.00861924712080508,4.0062761399895E-05,
,,,2.890625E-09,0.00850418435584288,-2.26987467613071E-05,
,,,2.96875E-09,0.00821129731775727,-6.45397522021085E-05,
,,,3.046875E-09,0.00799163203919306,-4.36192494817078E-05,
,,,3.125E-09,0.00798117178783286,2.96025100396946E-05,
,,,3.203125E-09,0.00812761530687567,9.23640182008967E-05,
,,,3.28125E-09,0.00835774083680008,0.000123744772281498,
,,,3.359375E-09,0.00851464460720308,9.23640182008967E-05,
,,,3.4375E-09,0.00841004209360108,1.91422586794943E-05,
,,,3.515625E-09,0.00810669480415527,-5.40795008419082E-05,
,,,3.59375E-09,0.00768828474974725,-0.000127301260363311,
,,,3.671875E-09,0.00724895419261884,-0.000190062768524513,
,,,3.75E-09,0.00691422614909243,-0.000231903773965314,
,,,3.828125E-09,0.00670502112188842,-0.000263284528045915,
,,,3.90625E-09,0.00657949810556602,-0.000273744779406115,
,,,3.984375E-09,0.00648535584332421,-0.000273744779406115,
,,,4.0625E-09,0.00634937257564161,-0.000252824276685715,
,,,4.140625E-09,0.0060983265429968,-0.000221443522605114,
,,,4.21875E-09,0.00580543950491119,-0.000200523019884713,
,,,4.296875E-09,0.00552301271818578,-0.000169142265804112,
,,,4.375E-09,0.00533472819370218,-0.00011684100900311,
,,,4.453125E-09,0.00534518844506238,1.91422586794943E-05,
,,,4.53125E-09,0.00558577422634698,0.000238807537243702,
,,,4.609375E-09,0.0059309625212336,0.000458472815807909,
,,,4.6875E-09,0.00630753157020081,0.000615376586210914,
,,,4.765625E-09,0.00665271986508742,0.000657217591651715,
,,,4.84375E-09,0.00687238514365163,0.000615376586210914,
,,,4.921875E-09,0.00700836841133423,0.000657217591651715,
,,,5E-09,0.00705020941677503,0.00080366111069452,
,,,5.078125E-09,0.00699790815997403,0.00104424689197913,
,,,5.15625E-09,0.00682008388685063,0.00130575317598414,
,,,5.234375E-09,0.00655857760284562,0.00145219669502694,
,,,5.3125E-09,0.00635983282700181,0.00150449795182794,
,,,5.390625E-09,0.00626569056476001,0.00153587870590854,
,,,5.46875E-09,0.00629707131884061,0.00157771971134935,
,,,5.546875E-09,0.00642259433516301,0.00166140172223095,
,,,5.625E-09,0.00645397508924361,0.00179738498991355,
,,,5.703125E-09,0.00630753157020081,0.00198566951439716,
,,,5.78125E-09,0.0059728035266744,0.00226809630112257,
,,,5.859375E-09,0.00543933070730418,0.00265512560144998,
,,,5.9375E-09,0.00482217587705236,0.0031153766612988,
,,,6.015625E-09,0.00429916330904234,0.00348148545890581,
,,,6.09375E-09,0.00392259426007513,0.00369069048610982,
,,,6.171875E-09,0.00373430973559152,0.00375345199427102,
,,,6.25E-09,0.00374476998695172,0.00372207124019042,
,,,6.328125E-09,0.00376569048967212,0.00376391224563122,
,,,6.40625E-09,0.00370292898151092,0.00392081601603422,
,,,6.484375E-09,0.00352510470838752,0.00415094154595863,
,,,6.5625E-09,0.00323221767030191,0.00440198757860344,
,,,6.640625E-09,0.0029393306322163,0.00459027210308705,
,,,6.71875E-09,0.00273012560501229,0.00476809637621045,
,,,6.796875E-09,0.00259414233732969,0.00491453989525326,
,,,6.875E-09,0.00254184108052868,0.00504006291157566,
,,,6.953125E-09,0.00254184108052868,0.00517604617925826,
,,,7.03125E-09,0.00257322183460929,0.00530156919558067,
,,,7.109375E-09,0.00260460258868989,0.00545847296598367,
,,,7.1875E-09,0.00262552309141029,0.00559445623366628,
,,,7.265625E-09,0.00261506284005009,0.00566767799318768,
,,,7.34375E-09,0.00254184108052868,0.00564675749046728,
,,,7.421875E-09,0.00242677831556648,0.00562583698774688,
,,,7.5E-09,0.00228033479652368,0.00574089975270908,
,,,7.578125E-09,0.00211297077476047,0.00604424704215489,
,,,7.65625E-09,0.00196652725571767,0.00652541860472411,
,,,7.734375E-09,0.00189330549619626,0.00699612991593312,
,,,7.8125E-09,0.00189330549619626,0.00726809645129833,
,,,7.890625E-09,0.00197698750707787,0.00734131821081974,
,,,7.96875E-09,0.00212343102612067,0.00722625544585753,
,,,8.046875E-09,0.00229079504788388,0.00703797092137393,
,,,8.125E-09,0.00237447705876548,0.00688106715097092,
,,,8.203125E-09,0.00233263605332468,0.00674508388328832,
,,,8.28125E-09,0.00218619253428187,0.00664048136968631,
,,,8.359375E-09,0.00193514650163706,0.00656725961016491,
,,,8.4375E-09,0.00179916323395446,0.00653587885608431,
,,,8.515625E-09,0.00184100423939526,0.00650449810200371,
,,,8.59375E-09,0.00200836826115847,0.00645219684520271,
,,,8.671875E-09,0.00224895404244307,0.0063685148343211,
,,,8.75E-09,0.00224895404244307,0.0062429918179987,
,,,8.828125E-09,0.00192468625027686,0.00605470729351509,
,,,8.90625E-09,0.00146443519042805,0.00582458176359069,
,,,8.984375E-09,0.00101464438193943,0.00557353573094588,
,,,9.0625E-09,0.000784518852015026,0.00533294994966127,
,,,9.140625E-09,0.00091004186833743,0.00523880768741947,
,,,9.21875E-09,0.00107740589010064,0.00531202944694087,
,,,9.296875E-09,0.00118200840370264,0.00548985372006428,
,,,9.375E-09,0.00114016739826184,0.00569905874726828,
,,,9.453125E-09,0.000993723879219033,0.00586642276903149,
,,,9.53125E-09,0.00091004186833743,0.00587688302039169,
,,,9.609375E-09,0.000889121365617029,0.00581412151223049,
,,,9.6875E-09,0.00091004186833743,0.00574089975270908,
,,,9.765625E-09,0.00089958161697723,0.00565721774182748,
,,,9.84375E-09,0.000868200862896629,0.00561537673638668,
,,,9.921875E-09,0.00089958161697723,0.00557353573094588,
,,,1E-08,0.00100418413057923,0.00551077422278468,
,,,1.0078125E-08,0.00115062764962204,0.00541663196054287,
,,,1.015625E-08,0.00120292890642304,0.00531202944694087,
,,,1.0234375E-08,0.00104602513602003,0.00531202944694087,
,,,1.03125E-08,0.000794979103375226,0.00546893321734387,
,,,1.0390625E-08,0.000554393322090618,0.00571997924998868,
,,,1.046875E-08,0.000397489551687613,0.00598148553399369,
,,,1.0546875E-08,0.000397489551687613,0.00606516754487529,
,,,1.0625E-08,0.000376569048967212,0.00596056503127329,
,,,1.0703125E-08,0.000324267792166211,0.00579320100951009,
,,,1.078125E-08,0.000209205027204007,0.00564675749046728,
,,,1.0859375E-08,0.000104602513602003,0.00560491648502648,
,,,1.09375E-08,9.41422622418031E-05,0.00566767799318768,
,,,1.1015625E-08,0.000156903770403005,0.00578274075814988,
,,,1.109375E-08,0.000261506284005009,0.00592918427719269,
,,,1.1171875E-08,0.000376569048967212,0.00606516754487529,
,,,1.125E-08,0.000418410054408014,0.00608608804759569,
,,,1.1328125E-08,0.000345188294886611,0.00577228050678968,
,,,1.140625E-08,0.000188284524483606,0.00525972819013987,
,,,1.1484375E-08,-1.04602513602003E-05,0.00473671562212985,
,,,1.15625E-08,-0.000177824273123406,0.00439152732724324,
,,,1.1640625E-08,-0.000209205027204007,0.00450659009220544,
,,,1.171875E-08,-0.000167364021763206,0.00472625537076965,
,,,1.1796875E-08,-0.000167364021763206,0.00477855662757065,
,,,1.1875E-08,-0.000271966535365209,0.00452751059492584,
,,,1.1953125E-08,-0.000554393322090618,0.00398357752419543,
,,,1.203125E-08,-0.000763598349294625,0.00360700847522821,
,,,1.2109375E-08,-0.000721757343853824,0.00356516746978741,
,,,1.21875E-08,-0.000407949803047813,0.00375345199427102,
,,,1.2265625E-08,0.000135983267682604,0.00405679928371683,
,,,1.234375E-08,0.000554393322090618,0.00415094154595863,
,,,1.2421875E-08,0.000711297092493624,0.00399403777555563,
,,,1.25E-08,0.000648535584332421,0.00376391224563122,
,,,1.2578125E-08,0.000460251059848815,0.00353378671570681,
,,,1.265625E-08,0.000282426786725409,0.00338734319666401,
,,,1.2734375E-08,0.000188284524483606,0.0033036611857824,
,,,1.28125E-08,0.000115062764962204,0.00317813816946,
,,,1.2890625E-08,5.23012568010017E-05,0.00303169465041719,
,,,1.296875E-08,-2.09205027204007E-05,0.00288525113137439,
,,,1.3046875E-08,-7.32217595214024E-05,0.00281202937185299,
,,,1.3125E-08,-0.000125523016322404,0.00281202937185299,
,,,1.3203125E-08,-0.000167364021763206,0.00277018836641219,
,,,1.328125E-08,-0.000167364021763206,0.00267604610417038,
,,,1.3359375E-08,-7.32217595214024E-05,0.00251914233376738,
,,,1.34375E-08,0.000177824273123406,0.00244592057424597,
,,,1.3515625E-08,0.000418410054408014,0.00257144359056838,
,,,1.359375E-08,0.000554393322090618,0.00285387037729379,
,,,1.3671875E-08,0.000481171562569216,0.0031885984208202,
,,,1.375E-08,0.000125523016322404,0.0033245816885028,
,,,1.3828125E-08,-0.000251046032644808,0.00300031389633659,
,,,1.390625E-08,-0.000481171562569216,0.00243546032288577,
,,,1.3984375E-08,-0.000512552316649817,0.00183922599535435,
,,,1.40625E-08,-0.00030334728944581,0.00144173644366674,
,,,1.4140625E-08,-5.23012568010017E-05,0.00153587870590854,
,,,1.421875E-08,5.23012568010017E-05,0.00187060674943496,
,,,1.4296875E-08,-2.09205027204007E-05,0.00221579504432157,
,,,1.4375E-08,-0.000240585781284608,0.00243546032288577,
,,,1.4453125E-08,-0.000512552316649817,0.00242500007152557,
,,,1.453125E-08,-0.00061715483025182,0.00218441429024097,
,,,1.4609375E-08,-0.000575313824811019,0.00189152725215536,
,,,1.46875E-08,-0.000407949803047813,0.00161956071679015,
,,,1.4765625E-08,-0.000198744775843807,0.00137897493550554,
,,,1.484375E-08,-0.000146443519042805,0.00119069041102193,
,,,1.4921875E-08,-0.000240585781284608,0.00102332638925873,
,,,1.5E-08,-0.000397489551687613,0.000887343121576123,
,,,1.5078125E-08,-0.000543933070730418,0.000772280356613919,
,,,1.515625E-08,-0.000543933070730418,0.000709518848452717,
,,,1.5234375E-08,-0.000324267792166211,0.000719979099812917,
,,,1.53125E-08,-3.1380754080601E-05,0.000772280356613919,
,,,1.5390625E-08,0.000240585781284608,0.00080366111069452,
,,,1.546875E-08,0.000397489551687613,0.000751359853893518,
,,,1.5546875E-08,0.00031380754080601,0.000542154826689512,
,,,1.5625E-08,0.000125523016322404,0.000332949799485505,
,,,1.5703125E-08,-5.23012568010017E-05,0.000270188291324303,
,,,1.578125E-08,-0.000156903770403005,0.000406171559006907,
,,,1.5859375E-08,-0.000125523016322404,0.000782740607974119,
,,,1.59375E-08,-4.18410054408014E-05,0.00113838915422093,
,,,1.6015625E-08,-4.18410054408014E-05,0.00118023015966173,
,,,1.609375E-08,-9.41422622418031E-05,0.000929184127016924,
,,,1.6171875E-08,-0.000188284524483606,0.00048985356988851,
,,,1.625E-08,-0.000146443519042805,0.000123744772281498,
,,,1.6328125E-08,7.32217595214024E-05,0.000134205023641698,
,,,1.640625E-08,0.000334728043526411,0.000322489548125304,
,,,1.6484375E-08,0.000512552316649817,0.000479393318528309,
,,,1.65625E-08,0.000439330557128415,0.000427092061727308,
,,,1.6640625E-08,4.18410054408014E-05,6.09832641202956E-05,
,,,1.671875E-08,-0.000366108797607012,-0.000263284528045915,
,,,1.6796875E-08,-0.000658995835692622,-0.00040972804708872,
,,,1.6875E-08,-0.000742677846574225,-0.000336506287567317,
,,,1.6953125E-08,-0.00059623432753142,-9.59205062827095E-05,
,,,1.703125E-08,-0.000428870305768214,5.05230127600953E-05,
,,,1.7109375E-08,-0.000334728043526411,7.1443515480496E-05,
,,,1.71875E-08,-0.00030334728944581,5.05230127600953E-05,
,,,1.7265625E-08,-0.000282426786725409,5.05230127600953E-05,
,,,1.734375E-08,-0.000209205027204007,0.000123744772281498,
,,,1.7421875E-08,-0.000167364021763206,0.000176046029082499,
,,,1.75E-08,-0.000219665278564207,0.0001865062804427,
,,,1.7578125E-08,-0.000397489551687613,0.000155125526362099,
,,,1.765625E-08,-0.000700836841133423,0.000134205023641698,
,,,1.7734375E-08,-0.00092050211969763,0.0001865062804427,
,,,1.78125E-08,-0.000930962371057831,0.000259728039964102,
,,,1.7890625E-08,-0.000732217595214024,0.000301569045404904,
,,,1.796875E-08,-0.000355648546246812,0.000270188291324303,
,,,1.8046875E-08,5.23012568010017E-05,0.000165585777722299,
,,,1.8125E-08,0.000261506284005009,8.19037668406963E-05,
,,,1.8203125E-08,0.000282426786725409,9.23640182008967E-05,
,,,1.828125E-08,0.000115062764962204,0.000165585777722299,
,,,1.8359375E-08,-0.000177824273123406,0.000291108794044703,
,,,1.84375E-08,-0.000439330557128415,0.000322489548125304,
,,,1.8515625E-08,-0.00059623432753142,0.000270188291324303,
,,,1.859375E-08,-0.000648535584332421,0.000155125526362099,
,,,1.8671875E-08,-0.00061715483025182,6.09832641202956E-05,
,,,1.875E-08,-0.000554393322090618,0.000113284520921297,
,,,1.8828125E-08,-0.000491631813929416,0.000343410050845705,
,,,1.890625E-08,-0.000407949803047813,0.000583995832130313,
,,,1.8984375E-08,-0.000282426786725409,0.000699058597092517,
,,,1.90625E-08,-8.36820108816028E-05,0.000625836837571114,
,,,1.9140625E-08,9.41422622418031E-05,0.000312029296765104,
,,,1.921875E-08,0.000188284524483606,5.05230127600953E-05,
,,,1.9296875E-08,0.000188284524483606,-5.40795008419082E-05,
,,,1.9375E-08,0.000125523016322404,-1.77824404090643E-06,
,,,1.9453125E-08,6.27615081612021E-05,0.000176046029082499,
,,,1.953125E-08,6.27615081612021E-05,0.000280648542684503,
,,,1.9609375E-08,2.09205027204007E-05,0.000374790804926306,
,,,1.96875E-08,-9.41422622418031E-05,0.000510774072608911,
,,,1.9765625E-08,-0.00029288703808561,0.000751359853893518,
,,,1.984375E-08,-0.000407949803047813,0.00106516739469953,
,,,1.9921875E-08,-0.00030334728944581,0.00122207116510253,
,,,2E-08,-3.1380754080601E-05,0.00118023015966173,
,,,2.0078125E-08,0.00030334728944581,0.000971025132457726,
,,,2.015625E-08,0.000481171562569216,0.000719979099812917,
,,,2.0234375E-08,0.000345188294886611,0.000719979099812917,
,,,2.03125E-08,0.000135983267682604,0.000866422618855722,
,,,2.0390625E-08,0,0.00103378664061893,
,,,2.046875E-08,5.23012568010017E-05,0.00111746865150053,
,,,2.0546875E-08,0.00029288703808561,0.000991945635178126,
,,,2.0625E-08,0.000428870305768214,0.000835041864775121,
,,,2.0703125E-08,0.000397489551687613,0.000751359853893518,
,,,2.078125E-08,0.000209205027204007,0.000751359853893518,
,,,2.0859375E-08,-6.27615081612021E-05,0.00080366111069452,
,,,2.09375E-08,-0.000209205027204007,0.000751359853893518,
,,,2.1015625E-08,-0.000240585781284608,0.000615376586210914,
,,,2.109375E-08,-0.000198744775843807,0.00050031382124871,
,,,2.1171875E-08,-0.000135983267682604,0.000468933067168109,
,,,2.125E-08,-7.32217595214024E-05,0.000625836837571114,
,,,2.1328125E-08,-4.18410054408014E-05,0.000814121362054721,
,,,2.140625E-08,-4.18410054408014E-05,0.000897803372936323,
,,,2.1484375E-08,-8.36820108816028E-05,0.000814121362054721,
,,,2.15625E-08,-0.000177824273123406,0.000573535580770113,
,,,2.1640625E-08,-0.000282426786725409,0.000312029296765104,
,,,2.171875E-08,-0.000324267792166211,0.000155125526362099,
,,,2.1796875E-08,-0.00030334728944581,0.000102824269561097,
,,,2.1875E-08,-0.000251046032644808,8.19037668406963E-05,
,,,2.1953125E-08,-0.000198744775843807,4.0062761399895E-05,
,,,2.203125E-08,-0.000188284524483606,-6.45397522021085E-05,
,,,2.2109375E-08,-0.000177824273123406,-0.000148221763083711,
,,,2.21875E-08,-0.000156903770403005,-0.000169142265804112,
,,,2.2265625E-08,-8.36820108816028E-05,-0.00011684100900311,
,,,2.234375E-08,-1.04602513602003E-05,-2.26987467613071E-05,
,,,2.2421875E-08,-1.04602513602003E-05,2.96025100396946E-05,
,,,2.25E-08,-9.41422622418031E-05,4.0062761399895E-05,
,,,2.2578125E-08,-0.000230125529924408,-1.77824404090643E-06,
,,,2.265625E-08,-0.000345188294886611,-0.00011684100900311,
,,,2.2734375E-08,-0.00031380754080601,-0.000315585784846917,
,,,2.28125E-08,-0.000198744775843807,-0.000493410057970323,
,,,2.2890625E-08,-8.36820108816028E-05,-0.000608472822932526,
,,,2.296875E-08,-7.32217595214024E-05,-0.000618933074292727,
,,,2.3046875E-08,-0.000282426786725409,-0.000503870309330523,
,,,2.3125E-08,-0.000512552316649817,-0.00040972804708872,
,,,2.3203125E-08,-0.000638075332972221,-0.00039926779572852,
,,,2.328125E-08,-0.00059623432753142,-0.000430648549809121,
,,,2.3359375E-08,-0.000366108797607012,-0.000462029303889722,
,,,2.34375E-08,-0.000156903770403005,-0.000346966538927518,
,,,2.3515625E-08,-6.27615081612021E-05,-0.000137761511723511,
,,,2.359375E-08,-5.23012568010017E-05,2.96025100396946E-05,
,,,2.3671875E-08,-5.23012568010017E-05,0.000102824269561097,
,,,2.375E-08,6.27615081612021E-05,-1.77824404090643E-06,
,,,2.3828125E-08,0.000156903770403005,-0.000158682014443912,
,,,2.390625E-08,0.000135983267682604,-0.000263284528045915,
,,,2.3984375E-08,-3.1380754080601E-05,-0.000284205030766316,
,,,2.40625E-08,-0.00030334728944581,-0.000210983271244913,
,,,2.4140625E-08,-0.000366108797607012,-7.50000035623088E-05,
,,,2.421875E-08,-0.000167364021763206,2.96025100396946E-05,
,,,2.4296875E-08,0.000188284524483606,7.1443515480496E-05,
,,,2.4375E-08,0.000543933070730418,1.91422586794943E-05,
,,,2.4453125E-08,0.00061715483025182,-0.000137761511723511,
,,,2.453125E-08,0.000376569048967212,-0.000346966538927518,
,,,2.4609375E-08,0.000115062764962204,-0.000482949806610122,
,,,2.46875E-08,-3.1380754080601E-05,-0.000503870309330523,
,,,2.4765625E-08,7.32217595214024E-05,-0.000388807544368319,
,,,2.484375E-08,0.000418410054408014,-0.000179602517164312,
,,,2.4921875E-08,0.000648535584332421,-1.77824404090643E-06,
,,,2.5E-08,0.000648535584332421,8.19037668406963E-05,
,,,2.5078125E-08,0.000376569048967212,5.05230127600953E-05,
,,,2.515625E-08,-6.27615081612021E-05,-7.50000035623088E-05,
,,,2.5234375E-08,-0.000324267792166211,-0.000263284528045915,
,,,2.53125E-08,-0.000324267792166211,-0.000462029303889722,
,,,2.5390625E-08,-0.000125523016322404,-0.000660774079733528,
,,,2.546875E-08,0.000156903770403005,-0.000838598352856934,
,,,2.5546875E-08,0.000156903770403005,-0.000922280363738537,
,,,2.5625E-08,-4.18410054408014E-05,-0.000869979106937535,
,,,2.5703125E-08,-0.000240585781284608,-0.00070261508517433,
,,,2.578125E-08,-0.000282426786725409,-0.000482949806610122,
,,,2.5859375E-08,-2.09205027204007E-05,-0.000263284528045915,
,,,2.59375E-08,0.000355648546246812,-0.000179602517164312,
,,,2.6015625E-08,0.000554393322090618,-0.000148221763083711,
,,,2.609375E-08,0.000523012568010017,-0.000148221763083711,
,,,2.6171875E-08,0.000261506284005009,-0.000158682014443912,
,,,2.625E-08,1.04602513602003E-05,-0.000179602517164312,
,,,2.6328125E-08,-7.32217595214024E-05,-0.000315585784846917,
,,,2.640625E-08,-7.32217595214024E-05,-0.000482949806610122,
,,,2.6484375E-08,-6.27615081612021E-05,-0.000618933074292727,
,,,2.65625E-08,-0.000146443519042805,-0.000618933074292727,
,,,2.6640625E-08,-0.000282426786725409,-0.00039926779572852,
,,,2.671875E-08,-0.000324267792166211,-0.000158682014443912,
,,,2.6796875E-08,-0.00029288703808561,-1.22384954011068E-05,
,,,2.6875E-08,-0.000219665278564207,-1.22384954011068E-05,
,,,2.6953125E-08,-0.000219665278564207,-0.000158682014443912,
,,,2.703125E-08,-0.000366108797607012,-0.000210983271244913,
,,,2.7109375E-08,-0.000512552316649817,-0.00010638075764291,
,,,2.71875E-08,-0.00061715483025182,0.000102824269561097,
,,,2.7265625E-08,-0.000585774076171219,0.000312029296765104,
,,,2.734375E-08,-0.000439330557128415,0.000312029296765104,
,,,2.7421875E-08,-0.000324267792166211,7.1443515480496E-05,
,,,2.75E-08,-0.000282426786725409,-0.000242364025325514,
,,,2.7578125E-08,-0.000324267792166211,-0.000514330560690723,
,,,2.765625E-08,-0.000387029300327413,-0.000587552320212126,
,,,2.7734375E-08,-0.000376569048967212,-0.00039926779572852,
,,,2.78125E-08,-0.00031380754080601,-0.000200523019884713,
,,,2.7890625E-08,-0.000230125529924408,-0.00010638075764291,
,,,2.796875E-08,-0.000177824273123406,-0.000221443522605114,
,,,2.8046875E-08,-0.000209205027204007,-0.000524790812050924,
,,,2.8125E-08,-0.00029288703808561,-0.000744456090615131,
,,,2.8203125E-08,-0.000376569048967212,-0.000744456090615131,
,,,2.828125E-08,-0.000418410054408014,-0.000524790812050924,
,,,2.8359375E-08,-0.000355648546246812,-0.000158682014443912,
,,,2.84375E-08,-0.000146443519042805,8.19037668406963E-05,
,,,2.8515625E-08,0.000135983267682604,0.000123744772281498,
,,,2.859375E-08,0.000418410054408014,7.1443515480496E-05,
,,,2.8671875E-08,0.000638075332972221,-2.26987467613071E-05,
,,,2.875E-08,0.000648535584332421,-7.50000035623088E-05,
,,,2.8828125E-08,0.000470711311209016,-0.000169142265804112,
,,,2.890625E-08,0.000209205027204007,-0.000336506287567317,
,,,2.8984375E-08,-6.27615081612021E-05,-0.000514330560690723,
,,,2.90625E-08,-0.000230125529924408,-0.000650313828373328,
,,,2.9140625E-08,-0.000177824273123406,-0.000535251063411124,
,,,2.921875E-08,-3.1380754080601E-05,-0.000252824276685715,
,,,2.9296875E-08,0.000146443519042805,8.68200731929392E-06,
,,,2.9375E-08,0.00030334728944581,0.000123744772281498,
,,,2.9453125E-08,0.000334728043526411,-1.77824404090643E-06,
,,,2.953125E-08,0.000251046032644808,-0.000242364025325514,
,,,2.9609375E-08,9.41422622418031E-05,-0.000357426790287718,
,,,2.96875E-08,-9.41422622418031E-05,-0.000326046036207117,
,,,2.9765625E-08,-0.000240585781284608,-0.000158682014443912,
,,,2.984375E-08,-0.000209205027204007,8.68200731929392E-06,
,,,2.9921875E-08,-4.18410054408014E-05,-1.77824404090643E-06,
,,,3E-08,0.000177824273123406,-0.000137761511723511,
,,,3.0078125E-08,0.000366108797607012,-0.000378347293008119,
,,,3.015625E-08,0.000376569048967212,-0.000618933074292727,
,,,3.0234375E-08,0.000230125529924408,-0.000754916341975331,
,,,3.03125E-08,6.27615081612021E-05,-0.000765376593335532,
,,,3.0390625E-08,-8.36820108816028E-05,-0.000660774079733528,
,,,3.046875E-08,-0.000167364021763206,-0.000482949806610122,
,,,3.0546875E-08,-0.000271966535365209,-0.000273744779406115,
,,,3.0625E-08,-0.000481171562569216,-0.000179602517164312,
,,,3.0703125E-08,-0.000711297092493624,-0.000210983271244913,
,,,3.078125E-08,-0.00089958161697723,-0.000315585784846917,
,,,3.0859375E-08,-0.00089958161697723,-0.00040972804708872,
,,,3.09375E-08,-0.000690376589773223,-0.000378347293008119,
,,,3.1015625E-08,-0.000439330557128415,-0.000273744779406115,
,,,3.109375E-08,-0.000219665278564207,-0.000179602517164312,
,,,3.1171875E-08,-8.36820108816028E-05,-0.000169142265804112,
,,,3.125E-08,-6.27615081612021E-05,-0.000326046036207117,
,,,3.1328125E-08,-7.32217595214024E-05,-0.000598012571572326,
,,,3.140625E-08,-8.36820108816028E-05,-0.000828138101496734,
,,,3.1484375E-08,-0.000104602513602003,-0.000964121369179338,
,,,3.15625E-08,-0.000125523016322404,-0.000964121369179338,
,,,3.1640625E-08,-0.000188284524483606,-0.000796757347416133,
,,,3.171875E-08,-0.00029288703808561,-0.000524790812050924,
,,,3.1796875E-08,-0.000470711311209016,-0.000231903773965314,
,,,3.1875E-08,-0.000711297092493624,8.68200731929392E-06,
,,,3.1953125E-08,-0.000962343125138432,5.05230127600953E-05,
,,,3.203125E-08,-0.00105648538738023,-0.000190062768524513,
,,,3.2109375E-08,-0.000993723879219033,-0.000524790812050924,
,,,3.21875E-08,-0.000784518852015026,-0.000796757347416133,
,,,3.2265625E-08,-0.000491631813929416,-0.000838598352856934,
,,,3.234375E-08,-0.000355648546246812,-0.000462029303889722,
,,,3.2421875E-08,-0.000397489551687613,5.05230127600953E-05,
,,,3.25E-08,-0.000554393322090618,0.000406171559006907,
,,,3.2578125E-08,-0.000711297092493624,0.000458472815807909,
,,,3.265625E-08,-0.000711297092493624,0.000134205023641698,
,,,3.2734375E-08,-0.000418410054408014,-0.00039926779572852,
,,,3.28125E-08,-6.27615081612021E-05,-0.000754916341975331,
,,,3.2890625E-08,0.000198744775843807,-0.000859518855577335,
,,,3.296875E-08,0.000230125529924408,-0.00071307533653453,
,,,3.3046875E-08,-8.36820108816028E-05,-0.000462029303889722,
,,,3.3125E-08,-0.000418410054408014,-0.000336506287567317,
,,,3.3203125E-08,-0.000648535584332421,-0.000326046036207117,
,,,3.328125E-08,-0.000700836841133423,-0.000346966538927518,
,,,3.3359375E-08,-0.00059623432753142,-0.000326046036207117,
,,,3.34375E-08,-0.000564853573450819,-0.000252824276685715,
,,,3.3515625E-08,-0.000669456087052822,-0.000221443522605114,
,,,3.359375E-08,-0.000878661114256829,-0.000263284528045915,
,,,3.3671875E-08,-0.00110878664418124,-0.000357426790287718,
,,,3.375E-08,-0.00120292890642304,-0.00042018829844892,
,,,3.3828125E-08,-0.00112970714690164,-0.00040972804708872,
,,,3.390625E-08,-0.000972803376498632,-0.00042018829844892,
,,,3.3984375E-08,-0.000784518852015026,-0.000462029303889722,
,,,3.40625E-08,-0.000638075332972221,-0.000545711314771324,
,,,3.4140625E-08,-0.000564853573450819,-0.000566631817491725,
,,,3.421875E-08,-0.000512552316649817,-0.000472489555249922,
,,,3.4296875E-08,-0.000491631813929416,-0.000346966538927518,
,,,3.4375E-08,-0.000491631813929416,-0.000252824276685715,
,,,3.4453125E-08,-0.000502092065289617,-0.000284205030766316,
,,,3.453125E-08,-0.000533472819370218,-0.00040972804708872,
,,,3.4609375E-08,-0.000533472819370218,-0.000462029303889722,
,,,3.46875E-08,-0.000460251059848815,-0.000441108801169321,
,,,3.4765625E-08,-0.00029288703808561,-0.000346966538927518,
,,,3.484375E-08,-0.000104602513602003,-0.000346966538927518,
,,,3.4921875E-08,-5.23012568010017E-05,-0.000451569052529521,
